10001100
00000001
00000000
00000000
10001100
00000010
00000000
00000100
00000000
00100010
00011000
00100001
00000000
00100010
00100000
00100011
00100100
00100101
00000000
10001010
00000000
00100010
00110000
00100100
00000000
00100010
00111000
00100101
00000000
00100010
01000000
00100111
10101100
00000011
00000000
00001000
10101100
00000100
00000000
00001100
10101100
00000101
00000000
00010000
10101100
00000110
00000000
00010100
10101100
00000111
00000000
00011000
10101100
00001000
00000000
00011100
11111111
11111111
11111111
11111111